Started: 2020-09-06T04:34:58.678923
Ended: 2020-09-06T04:44:56.290692
Elapsed: 0:09:57.611769