Started: 2020-05-02T11:11:03.251456
Ended: 2020-05-02T13:30:25.420134
Elapsed: 2:19:22.168678